0.068025589 0.016242383 0.997551322 -80.442008972 0.015830414 0.999724030 -0.017357275 -0.956004500 -0.997557938 0.016972389 0.067749687 235.308975220
0.065959334 0.014860859 0.997711599 -79.683273315 0.016334876 0.999739051 -0.015970964 -0.972426176 -0.997688591 0.017350931 0.065699369 235.359573364
0.063329741 0.013791103 0.997897327 -78.913673401 0.016326234 0.999756396 -0.014852909 -0.991235197 -0.997859001 0.017232535 0.063089155 235.413681030
0.060366452 0.012649082 0.998096049 -78.133773804 0.017710870 0.999748647 -0.013741208 -1.006739020 -0.998019099 0.018506659 0.060127258 235.461547852
0.057377521 0.011997437 0.998280346 -77.352798462 0.018014994 0.999752522 -0.013050565 -1.023765206 -0.998189926 0.018732823 0.057147179 235.508773804
0.055159908 0.012421839 0.998400211 -76.558135986 0.018538421 0.999737501 -0.013462693 -1.040657520 -0.998305321 0.019251365 0.054915141 235.553558350
0.053079870 0.011997517 0.998518109 -75.760787964 0.021499461 0.999682307 -0.013154387 -1.060574293 -0.998358667 0.022165839 0.052805055 235.593246460
0.051407609 0.012088177 0.998604476 -74.949851990 0.022400392 0.999661267 -0.013254128 -1.075358868 -0.998426378 0.023050502 0.051119398 235.632629395
0.049899012 0.013139670 0.998667777 -74.130386353 0.022701427 0.999640226 -0.014286755 -1.096105456 -0.998496056 0.023384081 0.049582761 235.675262451
0.048492055 0.015086619 0.998709798 -73.306716919 0.021712741 0.999633849 -0.016154835 -1.114119649 -0.998587489 0.022468109 0.048146732 235.715423584
0.046665024 0.018438738 0.998740494 -72.471000671 0.020233700 0.999607086 -0.019400137 -1.135748863 -0.998705566 0.021113526 0.046273608 235.760223389
0.044950154 0.020538144 0.998778105 -71.636169434 0.019510610 0.999579906 -0.021432707 -1.154588819 -0.998798609 0.020450177 0.044530559 235.798950195
0.043338414 0.022156531 0.998814881 -70.789482117 0.017342316 0.999586642 -0.022926139 -1.184765220 -0.998910010 0.018315339 0.042936254 235.838729858
0.042172108 0.021540694 0.998878181 -69.927833557 0.018306781 0.999583006 -0.022328798 -1.210719466 -0.998942614 0.019227896 0.041760176 235.869995117
0.041977756 0.019670039 0.998924911 -69.054115295 0.019616244 0.999597251 -0.020507609 -1.231537461 -0.998925924 0.020456018 0.041574989 235.908264160
0.042708986 0.016492737 0.998951495 -68.175064087 0.021027040 0.999627471 -0.017402885 -1.257179856 -0.998866260 0.021748250 0.042346273 235.953887939
0.045247491 0.014069467 0.998876691 -67.309043884 0.023990231 0.999597073 -0.015166335 -1.284258723 -0.998687625 0.024649521 0.044891730 235.984680176
0.048394557 0.012685746 0.998747706 -66.428787231 0.027171535 0.999532580 -0.014012319 -1.308220029 -0.998458564 0.027815631 0.048027232 236.025436401
0.051745895 0.012577726 0.998581052 -65.549095154 0.028607242 0.999491692 -0.014071608 -1.328775406 -0.998250425 0.029294796 0.051359776 236.074829102
0.054839030 0.013051988 0.998409808 -64.661323547 0.029103240 0.999468803 -0.014664366 -1.356798291 -0.998070955 0.029861141 0.054430034 236.122314453
0.058073848 0.015593676 0.998190463 -63.781547546 0.028006239 0.999459028 -0.017242873 -1.380542159 -0.997919321 0.028956922 0.057605706 236.178863525
0.060684104 0.017534681 0.998003066 -62.915611267 0.027307192 0.999442279 -0.019220397 -1.408869267 -0.997783422 0.028419033 0.060171433 236.233352661
0.062773511 0.017826715 0.997868478 -62.046768188 0.027166728 0.999439478 -0.019563770 -1.437018633 -0.997657955 0.028336911 0.062254030 236.286270142
0.064387567 0.018868005 0.997746527 -61.173458099 0.024712155 0.999484479 -0.020495618 -1.466857433 -0.997618854 0.025976131 0.063888118 236.346252441
0.065298304 0.018704461 0.997690439 -60.301734924 0.022988521 0.999530733 -0.020243548 -1.492917657 -0.997600853 0.024257293 0.064837664 236.410552979
0.066980131 0.015001895 0.997641504 -59.431526184 0.021370240 0.999635994 -0.016466655 -1.517577887 -0.997525334 0.022422772 0.066635154 236.471115112
0.068472996 0.006203963 0.997633696 -58.555690765 0.018905738 0.999793053 -0.007514996 -1.543407440 -0.997473776 0.019375572 0.068341531 236.547424316
0.070480801 0.001518399 0.997511923 -57.688327789 0.024165990 0.999702752 -0.003229219 -1.568047881 -0.997220337 0.024333466 0.070423156 236.595367432
0.072474286 0.005252323 0.997356415 -56.833621979 0.024437683 0.999676526 -0.007040340 -1.585595369 -0.997070849 0.024883322 0.072322473 236.660095215
0.073349446 0.015550267 0.997184992 -56.001049042 0.021351378 0.999624729 -0.017158844 -1.605522633 -0.997077763 0.022549868 0.072989896 236.733917236
0.074656814 0.023808239 0.996924996 -55.137454987 0.021914424 0.999434412 -0.025509274 -1.631858826 -0.996968508 0.023751481 0.074092835 236.800949097
0.075818829 0.024195669 0.996828020 -54.294155121 0.025565632 0.999329686 -0.026200917 -1.657804251 -0.996793747 0.027471066 0.075149432 236.855255127
0.075463504 0.017282467 0.996998727 -53.437744141 0.027907345 0.999421418 -0.019436790 -1.683244228 -0.996757925 0.029290361 0.074937530 236.919403076
0.074388824 0.008404450 0.997193933 -52.593059540 0.026118448 0.999604881 -0.010373162 -1.712050796 -0.996887207 0.026816806 0.074139923 236.989212036
0.073985398 0.005977451 0.997241378 -51.747116089 0.025135651 0.999653161 -0.007856721 -1.739946961 -0.996942461 0.025647596 0.073809482 237.052215576
0.074150205 0.009805508 0.997198820 -50.919223785 0.027990986 0.999537230 -0.011909869 -1.760619640 -0.996854067 0.028795697 0.073841423 237.109420776
0.074508294 0.013850642 0.997124135 -50.091064453 0.030571315 0.999401867 -0.016166663 -1.780533075 -0.996751606 0.031687945 0.074040279 237.171417236
0.075398974 0.013646888 0.997060001 -49.263992310 0.032666139 0.999335945 -0.016148290 -1.801581740 -0.996618152 0.033787664 0.074903101 237.232666016
0.076750107 0.010316356 0.996996939 -48.442161560 0.031686626 0.999416113 -0.012780666 -1.825273871 -0.996546686 0.032572389 0.076378398 237.297164917
0.077719554 0.008443089 0.996939480 -47.624282837 0.030637987 0.999471605 -0.010853015 -1.850489378 -0.996504426 0.031387713 0.077419795 237.364532471
0.079147607 0.009322725 0.996819317 -46.823738098 0.030030904 0.999480009 -0.011732071 -1.875226498 -0.996410370 0.030863948 0.078826495 237.426254272
0.080288321 0.012397357 0.996694624 -46.019245148 0.029483417 0.999455452 -0.014806725 -1.895330310 -0.996335506 0.030574767 0.079879098 237.495483398
0.081727713 0.014576127 0.996548116 -45.215839386 0.030402003 0.999391198 -0.017111007 -1.916725636 -0.996190846 0.031695507 0.081234820 237.557098389
0.082572222 0.014264778 0.996482968 -44.420783997 0.030911589 0.999379635 -0.016867694 -1.940612078 -0.996105492 0.032195676 0.082080059 237.622131348
0.083574399 0.012354793 0.996424854 -43.605964661 0.031880371 0.999378145 -0.015065352 -1.964898348 -0.995991409 0.033025477 0.083128534 237.701553345
0.084628485 0.010273783 0.996359527 -42.813949585 0.031481616 0.999420047 -0.012979317 -1.987766385 -0.995915055 0.032465432 0.084255956 237.772613525
0.085889988 0.009257868 0.996261537 -42.031776428 0.031424165 0.999434173 -0.011996497 -2.011618137 -0.995808780 0.032337070 0.085550457 237.842483521
0.087147504 0.009001050 0.996154726 -41.262199402 0.032315917 0.999407351 -0.011857564 -2.029112816 -0.995671093 0.033225011 0.086804971 237.912307739
0.088685885 0.008868633 0.996020138 -40.512401581 0.031266492 0.999442816 -0.011683086 -2.058794975 -0.995568812 0.032178182 0.088359162 237.973281860
0.089441225 0.008902859 0.995952249 -39.745620728 0.029036675 0.999511659 -0.011542307 -2.074265003 -0.995568693 0.029951500 0.089139022 238.056442261
0.090305388 0.009102050 0.995872498 -39.014907837 0.026173277 0.999591112 -0.011509422 -2.092963934 -0.995570123 0.027104605 0.090030216 238.133300781
0.091043495 0.009704969 0.995799601 -38.303619385 0.023285419 0.999658346 -0.011871505 -2.114648819 -0.995574594 0.024268433 0.090786397 238.210800171
0.091912679 0.010760158 0.995708823 -37.602653503 0.019311307 0.999734223 -0.012586261 -2.139318466 -0.995579720 0.020385273 0.091680437 238.282043457
0.091744855 0.013013814 0.995697439 -36.915756226 0.015912913 0.999767780 -0.014533247 -2.150117397 -0.995655417 0.017177798 0.091516428 238.355651855
0.091744244 0.013555581 0.995690346 -36.218307495 0.014266456 0.999786794 -0.014925882 -2.179686546 -0.995680392 0.015574336 0.091531292 238.422760010
0.090934768 0.013964226 0.995758951 -35.528884888 0.012707829 0.999803901 -0.015181459 -2.200138092 -0.995775700 0.014034456 0.090739481 238.491607666
0.090071291 0.014123819 0.995835185 -34.844612122 0.009406254 0.999842763 -0.015031435 -2.219156742 -0.995890856 0.010720978 0.089924268 238.561737061
0.089280635 0.012935753 0.995922446 -34.160938263 0.008421640 0.999870002 -0.013741996 -2.234112978 -0.995970845 0.009614195 0.089160100 238.625747681
0.088322282 0.010710171 0.996034265 -33.483711243 0.009355489 0.999889135 -0.011581208 -2.253982067 -0.996047974 0.010341267 0.088212274 238.687637329
0.086716101 0.008692868 0.996195078 -32.815952301 0.011537603 0.999886096 -0.009729392 -2.272480726 -0.996166229 0.012337400 0.086605914 238.744293213
0.084506825 0.008816058 0.996383846 -32.152519226 0.012576635 0.999871671 -0.009913587 -2.291593075 -0.996343553 0.013368921 0.084385090 238.801589966
0.082469501 0.010199230 0.996541381 -31.503677368 0.012564543 0.999857605 -0.011272958 -2.310006142 -0.996514261 0.013450766 0.082329609 238.857025146
0.080339268 0.012719946 0.996686399 -30.878479004 0.012255442 0.999830306 -0.013747940 -2.327746153 -0.996692181 0.013319332 0.080169752 238.909820557
0.077687591 0.014808777 0.996867776 -30.267211914 0.012126548 0.999801636 -0.015797406 -2.342703104 -0.996903956 0.013315826 0.077492602 238.959594727
0.074453861 0.015354522 0.997106254 -29.671340942 0.012524378 0.999788165 -0.016331019 -2.359705687 -0.997145772 0.013704043 0.074245796 239.005264282
0.070207290 0.014624871 0.997425199 -29.098440170 0.011468717 0.999814630 -0.015467176 -2.378311634 -0.997466445 0.012525095 0.070026539 239.050582886
0.065525070 0.013919147 0.997753918 -28.544326782 0.010943804 0.999832511 -0.014666859 -2.396404028 -0.997790873 0.011880267 0.065361768 239.086608887
0.060450021 0.011654626 0.998103201 -28.012714386 0.009369896 0.999881089 -0.012242876 -2.412595987 -0.998127103 0.010092204 0.060333632 239.116073608
0.054031305 0.010126910 0.998487890 -27.497905731 0.008351758 0.999908984 -0.010593266 -2.428076267 -0.998504162 0.008911496 0.053941812 239.146667480
0.046540245 0.010566843 0.998860538 -27.003715515 0.007859590 0.999909222 -0.010944145 -2.443011284 -0.998885393 0.008359976 0.046452969 239.172653198
0.038895976 0.010954697 0.999183178 -26.529966354 0.007435153 0.999909043 -0.011252090 -2.460001230 -0.999215484 0.007866741 0.038810983 239.187866211
0.030425675 0.010681493 0.999479949 -26.062953949 0.008911754 0.999900162 -0.010957274 -2.472689867 -0.999497175 0.009240502 0.030327445 239.199081421
0.021748196 0.009989555 0.999713540 -25.629638672 0.010118852 0.999896646 -0.010211515 -2.486496210 -0.999712288 0.010338035 0.021644853 239.196136475
0.012080024 0.009935764 0.999877691 -25.197267532 0.010961730 0.999889195 -0.010068313 -2.498162270 -0.999866903 0.011082013 0.011969759 239.199218750
0.002773561 0.010453598 0.999941468 -24.780805588 0.011202601 0.999882281 -0.010484051 -2.508882284 -0.999933422 0.011231023 0.002656117 239.193389893
-0.006721880 0.009860451 0.999928713 -24.384258270 0.011648395 0.999884307 -0.009781708 -2.519133568 -0.999909520 0.011581815 -0.006835969 239.184326172
-0.016967477 0.009303318 0.999812722 -24.003652573 0.011565721 0.999891698 -0.009107775 -2.522678852 -0.999789178 0.011409018 -0.017073255 239.174163818
-0.027223827 0.007563828 0.999600828 -23.638359070 0.011021218 0.999912858 -0.007266033 -2.535664558 -0.999568641 0.010819009 -0.027304826 239.156707764
-0.038261760 0.005662718 0.999251723 -23.307258606 0.011691366 0.999918103 -0.005218827 -2.549422264 -0.999199271 0.011482937 -0.038324833 239.139602661
-0.049595919 0.007110476 0.998744071 -22.981529236 0.016331485 0.999846637 -0.006307333 -2.555446625 -0.998635769 0.015998155 -0.049704444 239.107498169
-0.061469987 0.008887888 0.998069346 -22.674371719 0.022440571 0.999719858 -0.007520496 -2.565967083 -0.997856617 0.021934960 -0.061652217 239.073730469
-0.073733509 0.008779068 0.997239292 -22.373582840 0.027985206 0.999585688 -0.006730563 -2.573803902 -0.996885240 0.027411683 -0.073948652 239.033432007
-0.085572913 0.006298354 0.996312022 -22.098190308 0.029672040 0.999552548 -0.003770319 -2.585220575 -0.995890021 0.029239971 -0.085721493 238.995880127
-0.098229215 0.004577582 0.995153308 -21.836683273 0.029210975 0.999571800 -0.001714561 -2.584257841 -0.994735003 0.028900973 -0.098320872 238.963027954
-0.111386806 0.003223334 0.993771970 -21.597839355 0.026360637 0.999652386 -0.000287780 -2.595010996 -0.993427396 0.026164403 -0.111433066 238.933593750
-0.124560058 0.002706998 0.992208421 -21.391050339 0.024295205 0.999704719 0.000322523 -2.590308905 -0.991914511 0.024146076 -0.124589026 238.896545410
-0.137922764 0.002406471 0.990440071 -21.198886871 0.024040526 0.999710560 0.000918744 -2.598034143 -0.990151167 0.023937413 -0.137940690 238.856582642
-0.150692329 0.004366496 0.988571048 -21.064922333 0.025465358 0.999675453 -0.000533749 -2.599672794 -0.988252640 0.025093881 -0.150754645 238.818634033
-0.164632484 0.008225762 0.986320734 -20.905300140 0.026001839 0.999653876 -0.003996843 -2.602668047 -0.986012101 0.024988143 -0.164789408 238.781829834
-0.177407086 0.011157484 0.984074295 -20.745357513 0.028272180 0.999580681 -0.006236442 -2.612267971 -0.983731270 0.026715536 -0.177648202 238.734436035
-0.190795600 0.011636293 0.981560826 -20.584102631 0.032643568 0.999451816 -0.005503140 -2.616796970 -0.981086850 0.030991670 -0.191070914 238.686111450
-0.204963669 0.010810818 0.978709877 -20.425556183 0.035617527 0.999358952 -0.003579805 -2.618899822 -0.978121340 0.034125496 -0.205217376 238.629623413
-0.219814092 0.010724905 0.975482821 -20.269836426 0.036644291 0.999324560 -0.002729657 -2.622041941 -0.974853277 0.035145856 -0.220058650 238.584762573
-0.233470201 0.011798510 0.972292304 -20.111385345 0.036551211 0.999326050 -0.003349757 -2.624987602 -0.971676648 0.034756396 -0.233744144 238.529998779
-0.248707846 0.013073320 0.968490303 -19.957908630 0.035681732 0.999353707 -0.004326885 -2.625545979 -0.967921078 0.033481278 -0.249013633 238.481964111
-0.264310777 0.014028884 0.964335561 -19.799404144 0.034255762 0.999399722 -0.005149968 -2.626308918 -0.963829041 0.031672854 -0.264632761 238.426269531
-0.279812515 0.015532883 0.959928989 -19.651142120 0.033417478 0.999420702 -0.006430953 -2.627687931 -0.959472954 0.030278942 -0.280169547 238.374877930
-0.296699345 0.018841624 0.954785049 -19.488136292 0.031641975 0.999450266 -0.009890305 -2.631481647 -0.954446554 0.027276836 -0.297132492 238.303878784
-0.316864967 0.022970347 0.948192418 -19.350418091 0.030504629 0.999436319 -0.014017781 -2.634064198 -0.947979927 0.024482513 -0.317387074 238.257064819
-0.338647634 0.026294367 0.940545797 -19.165870667 0.030591650 0.999388635 -0.016924759 -2.633243084 -0.940415800 0.023041319 -0.339244962 238.173614502
-0.363711625 0.027779136 0.931097209 -18.962844849 0.030465933 0.999375224 -0.017915389 -2.637095451 -0.931013107 0.021850713 -0.364330679 238.076034546
-0.392240286 0.028607396 0.919417799 -18.746871948 0.031596780 0.999345481 -0.017614562 -2.643235683 -0.919319808 0.022141503 -0.392887533 237.957733154
-0.425490052 0.029115148 0.904494524 -18.517089844 0.032134689 0.999338090 -0.017051388 -2.647543669 -0.904392302 0.021810457 -0.426144034 237.829635620
-0.460608929 0.029366575 0.887117147 -18.284561157 0.032878466 0.999331117 -0.016010087 -2.658344507 -0.886994004 0.021792663 -0.461266398 237.679626465
-0.496047378 0.029452341 0.867795706 -18.031906128 0.033169087 0.999337912 -0.014956748 -2.661241293 -0.867661655 0.021364739 -0.496695817 237.506683350
-0.533101439 0.029740274 0.845528424 -17.788711548 0.033091534 0.999350250 -0.014286691 -2.670284748 -0.845403790 0.020363577 -0.533739209 237.324340820
-0.572710752 0.029155850 0.819238901 -17.526817322 0.030297097 0.999437392 -0.014388936 -2.678928614 -0.819197357 0.016579861 -0.573271871 237.120040894
-0.612584293 0.027138475 0.789939225 -17.262207031 0.026126778 0.999559522 -0.014079146 -2.683111668 -0.789973140 0.012013903 -0.613023520 236.884979248
-0.652088344 0.024450205 0.757748544 -16.994071960 0.022620820 0.999662340 -0.012789428 -2.694845915 -0.757805228 0.008801058 -0.652421296 236.622467041
-0.691049457 0.024577525 0.722389519 -16.734024048 0.022166386 0.999672234 -0.012806669 -2.697562933 -0.722467482 0.007162721 -0.691367745 236.334945679
-0.729956686 0.025969049 0.682999909 -16.476463318 0.023376592 0.999641836 -0.013024675 -2.701995850 -0.683093488 0.006458759 -0.730302334 236.013275146
-0.767044961 0.028801780 0.640946507 -16.249443054 0.026562661 0.999560952 -0.013128052 -2.704850674 -0.641043246 0.006955436 -0.767473221 235.662017822
-0.804006934 0.031600274 0.593779624 -16.001106262 0.028441079 0.999487579 -0.014680963 -2.708390713 -0.593939364 0.005084134 -0.804493725 235.293640137
-0.838451743 0.032926351 0.543980300 -15.788238525 0.028400656 0.999456763 -0.016720980 -2.707615852 -0.544235408 0.001429662 -0.838931382 234.900146484
-0.869878650 0.032511521 0.492193103 -15.594833374 0.027890138 0.999471009 -0.016727747 -2.716458797 -0.492476642 -0.000823777 -0.870325267 234.478820801
-0.897968173 0.030520361 0.439000726 -15.395698547 0.026940646 0.999533534 -0.014383310 -2.732506752 -0.439234942 -0.001088791 -0.898371458 234.037078857
-0.921622455 0.032703981 0.386707336 -15.233100891 0.030062977 0.999465048 -0.012877377 -2.738370419 -0.386921614 -0.000242504 -0.922112525 233.562850952
-0.940377653 0.039506219 0.337829977 -15.107681274 0.037858441 0.999217331 -0.011467492 -2.738578081 -0.338018537 0.002005942 -0.941137314 233.055068970
-0.956059813 0.041692283 0.290191948 -14.979087830 0.040893998 0.999124587 -0.008817183 -2.742486000 -0.290305495 0.003437355 -0.956927776 232.524688721
-0.968707561 0.040188059 0.244929716 -14.860885620 0.040364910 0.999175787 -0.004299763 -2.745288372 -0.244900584 0.005721353 -0.969531417 231.973968506
-0.978050709 0.038232833 0.204829350 -14.766094208 0.039061438 0.999236822 0.000002019 -2.747678757 -0.204672948 0.008002903 -0.978797674 231.390609741
-0.984577656 0.038025361 0.170765370 -14.685543060 0.039180730 0.999226451 0.003399616 -2.746071815 -0.170503974 0.010037899 -0.985305846 230.787353516
-0.989145100 0.038871430 0.141707242 -14.595071793 0.040120892 0.999176979 0.005969671 -2.746345997 -0.141358569 0.011590293 -0.989890516 230.178054810
-0.992098570 0.040578913 0.118716747 -14.531923294 0.041599326 0.999115586 0.006128932 -2.742650509 -0.118363038 0.011019042 -0.992909193 229.533401489
-0.994177639 0.040978219 0.099657863 -14.475243568 0.041832961 0.999103367 0.006501349 -2.739818573 -0.099302106 0.010632478 -0.995000422 228.867919922
-0.995802164 0.040611520 0.082028873 -14.416591644 0.041356400 0.999117017 0.007401390 -2.735577106 -0.081655867 0.010762740 -0.996602356 228.164306641
-0.997125626 0.038453169 0.065281838 -14.369706154 0.039071377 0.999202609 0.008219254 -2.731418371 -0.064913720 0.010746281 -0.997832954 227.454696655
-0.997915924 0.039030947 0.051383644 -14.337474823 0.039601423 0.999164224 0.010130996 -2.726550102 -0.050945275 0.012144749 -0.998627484 226.720581055
-0.998278022 0.042318471 0.040622067 -14.311573982 0.042855207 0.999003947 0.012433793 -2.722694397 -0.040055420 0.014153250 -0.999097168 225.965866089
-0.998412848 0.045093369 0.033738740 -14.299936295 0.045569301 0.998870313 0.013472545 -2.709353447 -0.033093102 0.014988613 -0.999339759 225.175811768
-0.998500764 0.047019389 0.028023385 -14.283559799 0.047418050 0.998780668 0.013735069 -2.697540045 -0.027343391 0.015043290 -0.999512851 224.383056641
-0.998594403 0.047290865 0.023929071 -14.261456490 0.047637563 0.998764694 0.014131671 -2.690828085 -0.023231212 0.015251731 -0.999613702 223.569244385
-0.998569787 0.048682749 0.022098579 -14.248565674 0.049023345 0.998682916 0.015141385 -2.683056116 -0.021332346 0.016203076 -0.999641061 222.726165771
-0.998510003 0.050390139 0.020940574 -14.233854294 0.050714906 0.998596370 0.015278173 -2.670762539 -0.020141304 0.016317410 -0.999663889 221.884307861
-0.998473763 0.051361673 0.020299256 -14.207704544 0.051685687 0.998538911 0.015773026 -2.667018890 -0.019459460 0.016798133 -0.999669433 221.030044556
-0.998428106 0.052027449 0.020840758 -14.193081856 0.052354869 0.998508334 0.015485479 -2.651030779 -0.020003997 0.016552255 -0.999662757 220.116043091
-0.998326063 0.053389553 0.022238037 -14.172043800 0.053730510 0.998442292 0.015027405 -2.644858837 -0.021401083 0.016197111 -0.999639690 219.214965820
-0.998275220 0.053750440 0.023607327 -14.152688026 0.054084182 0.998441875 0.013733694 -2.630100965 -0.022832345 0.014986793 -0.999626875 218.289962769
-0.998087823 0.056679856 0.024659231 -14.129932404 0.056999534 0.998296380 0.012459547 -2.622632980 -0.023911010 0.013841286 -0.999618292 217.349746704
-0.998028874 0.057097513 0.026043391 -14.103425026 0.057384972 0.998297632 0.010426737 -2.616846800 -0.025403710 0.011900684 -0.999606371 216.390518188
-0.997863770 0.059095707 0.027850812 -14.074945450 0.059352774 0.998200893 0.008494888 -2.612369299 -0.027298683 0.010129759 -0.999576092 215.412109375
-0.997601509 0.062257145 0.030253127 -14.047488213 0.062531546 0.998009205 0.008209646 -2.603724003 -0.029681787 0.010081728 -0.999508679 214.430343628
-0.997452497 0.062810503 0.033811964 -14.011054993 0.063116245 0.997973740 0.008051265 -2.601480007 -0.033237744 0.010164838 -0.999395788 213.430557251
-0.997415364 0.061031993 0.037915483 -13.965282440 0.061322279 0.998096585 0.006539972 -2.598027706 -0.037444167 0.008848130 -0.999259591 212.406982422
-0.997326910 0.060035013 0.041654523 -13.922692299 0.060341466 0.998158872 0.006137762 -2.603682041 -0.041209359 0.008634849 -0.999113202 211.391052246
-0.997316182 0.057614829 0.045178048 -13.865008354 0.058000535 0.998290002 0.007272329 -2.599750280 -0.044681806 0.009873163 -0.998952448 210.352096558
-0.997258544 0.055561036 0.048870988 -13.807507515 0.056008123 0.998399496 0.007826024 -2.602810860 -0.048357949 0.010541742 -0.998774290 209.306472778
-0.997164071 0.054888323 0.051490933 -13.745894432 0.055327363 0.998442650 0.007139131 -2.600363731 -0.051018886 0.009967739 -0.998647928 208.227569580
-0.997029126 0.054954764 0.053970445 -13.682280540 0.055437569 0.998434067 0.007488683 -2.603826284 -0.053474374 0.010458424 -0.998514473 207.153610229
-0.996891439 0.055174001 0.056243230 -13.611149788 0.055728063 0.998411238 0.008329842 -2.595344543 -0.055694267 0.011438277 -0.998382270 206.056213379
-0.996577442 0.057607044 0.059285294 -13.559070587 0.058292940 0.998250425 0.009904202 -2.600227118 -0.058611009 0.013326218 -0.998191893 204.953491211
-0.996374011 0.058406480 0.061867468 -13.490154266 0.059117157 0.998203754 0.009717945 -2.599885225 -0.061188743 0.013340136 -0.998037040 203.851318359
-0.996269882 0.058110774 0.063791886 -13.414538383 0.058797963 0.998229802 0.008946822 -2.598388672 -0.063159049 0.012664283 -0.997923076 202.736984253
-0.996165574 0.057107974 0.066277817 -13.340969086 0.057850737 0.998281598 0.009340738 -2.601236343 -0.065630488 0.013139144 -0.997757435 201.623748779
-0.996143162 0.055529390 0.067935705 -13.263367653 0.056307539 0.998367369 0.009591941 -2.603353977 -0.067292146 0.013380239 -0.997643530 200.501373291
-0.996153712 0.054792494 0.068377495 -13.181306839 0.055525891 0.998417795 0.008870158 -2.594828129 -0.067783281 0.012632763 -0.997620046 199.364929199
-0.996156454 0.054258466 0.068762615 -13.095360756 0.055044819 0.998437762 0.009591640 -2.595726490 -0.068134755 0.013339799 -0.997586906 198.235961914
-0.996063530 0.054591924 0.069836535 -13.020820618 0.055365704 0.998423815 0.009191145 -2.592191458 -0.069224693 0.013021514 -0.997516036 197.085815430
-0.995999932 0.055144325 0.070307627 -12.932993889 0.055926461 0.998392463 0.009203371 -2.596532106 -0.069687098 0.013098613 -0.997482836 195.957931519
-0.995983720 0.055086486 0.070581786 -12.852813721 0.055891156 0.998391867 0.009475291 -2.589729786 -0.069946326 0.013382134 -0.997460961 194.807632446
-0.995952845 0.055553563 0.070652165 -12.769656181 0.056439381 0.998349607 0.010602204 -2.599561214 -0.069946580 0.014546861 -0.997444630 193.656021118
-0.996065855 0.054137487 0.070156932 -12.685206413 0.055041935 0.998423100 0.011021866 -2.595963478 -0.069449618 0.014840079 -0.997475028 192.499649048
-0.996169329 0.052955296 0.069586843 -12.601037025 0.053906251 0.998475432 0.011858299 -2.593680382 -0.068852797 0.015564039 -0.997505367 191.334121704
-0.996322632 0.051040918 0.068818659 -12.520956039 0.051955108 0.998582304 0.011558970 -2.587357998 -0.068131126 0.015091942 -0.997562230 190.174041748
-0.996518135 0.049964532 0.066745937 -12.422673225 0.050798722 0.998649895 0.010858745 -2.589185715 -0.066113256 0.014211546 -0.997710884 189.003189087
-0.996660888 0.048990674 0.065321885 -12.342827797 0.049738266 0.998713553 0.009867201 -2.590301275 -0.064754434 0.013083252 -0.997815430 187.834060669
-0.996741951 0.048822466 0.064201958 -12.269322395 0.049626738 0.998707354 0.010991752 -2.589592695 -0.063582316 0.014142074 -0.997876346 186.645065308
-0.996806979 0.049651928 0.062533945 -12.195589066 0.050588124 0.998628795 0.013476872 -2.582765102 -0.061779026 0.016597318 -0.997951806 185.459503174
-0.996871948 0.049783755 0.061383318 -12.119654655 0.050943263 0.998548746 0.017470652 -2.579212666 -0.060424473 0.020543071 -0.997961283 184.263900757
-0.996882915 0.050483186 0.060629182 -12.055307388 0.051763088 0.998464465 0.019727500 -2.573089123 -0.059540171 0.022804361 -0.997965395 183.058425903
-0.997014284 0.051105808 0.057883158 -11.971381187 0.052327376 0.998433888 0.019787721 -2.559620380 -0.056781229 0.022757515 -0.998127162 181.846710205
-0.997087002 0.051209282 0.056523826 -11.902782440 0.052297045 0.998470545 0.017934877 -2.543456316 -0.055518929 0.020838663 -0.998240113 180.634201050
-0.997138381 0.052440792 0.054451615 -11.831971169 0.053429063 0.998429477 0.016854411 -2.534853220 -0.053482227 0.019715481 -0.998374104 179.419448853
-0.997116327 0.054137196 0.053179689 -11.769769669 0.055062845 0.998353064 0.016096681 -2.531584740 -0.052220676 0.018978491 -0.998455107 178.199234009
-0.997052670 0.056386251 0.052022893 -11.710605621 0.057222497 0.998252690 0.014726346 -2.517156839 -0.051101629 0.017659822 -0.998537242 176.963973999
-0.996969640 0.059309874 0.050336793 -11.650369644 0.060068250 0.998100340 0.013687988 -2.518398285 -0.049429335 0.016670151 -0.998638332 175.729049683
-0.996942759 0.060575318 0.049352534 -11.586922646 0.061245587 0.998048306 0.012182853 -2.512705088 -0.048518226 0.015168231 -0.998706937 174.480773926
-0.997007191 0.060222629 0.048475586 -11.522499084 0.060812369 0.998090923 0.010782868 -2.516063452 -0.047733657 0.013698511 -0.998766184 173.235473633
-0.997124493 0.059033476 0.047516454 -11.459589005 0.059632123 0.998156726 0.011280306 -2.508804321 -0.046762943 0.014081377 -0.998806775 171.968215942
-0.997262537 0.057263795 0.046779901 -11.393911362 0.058000825 0.998210371 0.014551855 -2.505915642 -0.045862887 0.017225292 -0.998799264 170.685836792
-0.997448504 0.054505907 0.046103857 -11.331061363 0.055319943 0.998331189 0.016568169 -2.496684551 -0.045123857 0.019076359 -0.998799145 169.428115845
-0.997473180 0.054169647 0.045967244 -11.267734528 0.054902229 0.998381674 0.014826089 -2.491679430 -0.045089729 0.017312329 -0.998832881 168.154785156
-0.997433841 0.054658473 0.046241317 -11.213173866 0.055266440 0.998399794 0.011972390 -2.484904051 -0.045512922 0.014497257 -0.998858511 166.870422363
-0.997399330 0.055740166 0.045691129 -11.146911621 0.056227159 0.998373330 0.009442161 -2.483641624 -0.045090497 0.011986686 -0.998910964 165.569122314
-0.997312546 0.056772482 0.046310350 -11.086722374 0.057229355 0.998323977 0.008598971 -2.480623722 -0.045744549 0.011226172 -0.998890102 164.281356812
-0.997195363 0.058047861 0.047242928 -11.035552025 0.058629971 0.998218894 0.011029454 -2.476375103 -0.046518538 0.013768371 -0.998822510 162.973266602
-0.997221112 0.057462089 0.047414318 -10.976684570 0.058187872 0.998206437 0.014070544 -2.475468636 -0.046520751 0.016790381 -0.998776197 161.678070068
-0.997157753 0.058141463 0.047915790 -10.909955978 0.058870215 0.998168290 0.013939616 -2.471757650 -0.047017552 0.016720807 -0.998754144 160.391159058
-0.997134089 0.058038317 0.048528623 -10.846343994 0.058737759 0.998187184 0.013112080 -2.469473839 -0.047679644 0.015924964 -0.998735666 159.113693237
-0.997070670 0.058814999 0.048896022 -10.777931213 0.059520718 0.998141050 0.013103177 -2.475068092 -0.048034463 0.015975120 -0.998717844 157.762176514
-0.996954978 0.059778843 0.050072163 -10.718553543 0.060471464 0.998092532 0.012432285 -2.467700005 -0.049233466 0.015422367 -0.998668134 156.456222534
-0.996944666 0.059807334 0.050243109 -10.641983986 0.060497683 0.998092115 0.012332085 -2.468203068 -0.049409702 0.015333997 -0.998660803 155.160598755
-0.996950030 0.058884647 0.051216561 -10.576026917 0.059634548 0.998132467 0.013237733 -2.464044094 -0.050341412 0.016251637 -0.998599768 153.847518921
-0.996946156 0.058685284 0.051520064 -10.503901482 0.059469860 0.998134315 0.013828727 -2.466216087 -0.050612401 0.016850390 -0.998576105 152.540435791
-0.996963084 0.057756253 0.052237913 -10.427245140 0.058586050 0.998177111 0.014494497 -2.463154554 -0.051305544 0.017510891 -0.998529434 151.247970581
-0.996918023 0.057419728 0.053453922 -10.361279488 0.058344763 0.998169780 0.015907476 -2.467081547 -0.052442685 0.018977208 -0.998443544 149.954833984
-0.996851385 0.057896320 0.054180499 -10.287597656 0.058871180 0.998127937 0.016571660 -2.467339039 -0.053119648 0.019709146 -0.998393595 148.657333374
-0.996807635 0.057761852 0.055118930 -10.212347031 0.058753692 0.998135388 0.016545724 -2.463431120 -0.054060444 0.019731343 -0.998342693 147.362670898
-0.996753693 0.057801034 0.056043480 -10.141123772 0.058766630 0.998147845 0.015736189 -2.462685823 -0.055030100 0.018978596 -0.998304188 146.073745728
-0.996683657 0.058162160 0.056908686 -10.066634178 0.059093535 0.998142481 0.014821226 -2.456783056 -0.055940934 0.018135011 -0.998269260 144.783508301
-0.996592462 0.058961738 0.057678826 -9.988031387 0.059921946 0.998089373 0.015060473 -2.454541922 -0.056680638 0.018465381 -0.998221517 143.482849121
-0.996494353 0.059761774 0.058543604 -9.912897110 0.060750134 0.998036504 0.015249159 -2.452348709 -0.057517339 0.018752232 -0.998168409 142.192733765
-0.996482790 0.059282828 0.059224479 -9.830542564 0.060257457 0.998073101 0.014806943 -2.455226898 -0.058232553 0.018323582 -0.998134792 140.912307739
-0.996554196 0.057738882 0.059547842 -9.746463776 0.058671180 0.998178840 0.014026981 -2.450041771 -0.058629490 0.017472388 -0.998126805 139.635650635
-0.996524334 0.057341747 0.060424529 -9.661743164 0.058447674 0.998150885 0.016695408 -2.449088573 -0.059355453 0.020169053 -0.998032987 138.349060059
-0.996605158 0.055529173 0.060783055 -9.576919556 0.056967150 0.998129725 0.022184495 -2.436055660 -0.059437476 0.025571816 -0.997904301 137.057006836
-0.996493578 0.056365535 0.061833706 -9.497764587 0.058110472 0.997950554 0.026792714 -2.433926582 -0.060196795 0.030291958 -0.997726738 135.782257080
-0.996358693 0.057138670 0.063280262 -9.414296150 0.058842335 0.997944236 0.025392890 -2.413255692 -0.061699256 0.029023990 -0.997672677 134.514785767
-0.996239901 0.058251046 0.064131178 -9.331919670 0.059884105 0.997920573 0.023842145 -2.404430151 -0.062608995 0.027592940 -0.997656584 133.235397339
-0.996202171 0.058470644 0.064516149 -9.251062393 0.060100112 0.997913003 0.023610197 -2.398991585 -0.063000999 0.027397955 -0.997637272 131.963928223
-0.996123552 0.058759708 0.065459982 -9.163446426 0.060490582 0.997860968 0.024779353 -2.388347626 -0.063863933 0.028643006 -0.997547448 130.702621460
-0.995992303 0.060677085 0.065707713 -9.076416016 0.062454544 0.997726142 0.025341855 -2.371449232 -0.064020604 0.029344041 -0.997516990 129.438568115
-0.995897532 0.061541203 0.066337891 -8.990337372 0.063430637 0.997627378 0.026760543 -2.358629465 -0.064533606 0.030858612 -0.997438252 128.189117432
-0.995769143 0.062999763 0.066893071 -8.916030884 0.064894348 0.997539222 0.026535872 -2.338114262 -0.065056689 0.030764583 -0.997407198 126.943298340
-0.995738804 0.063125402 0.067226432 -8.827568054 0.065083988 0.997504890 0.027351715 -2.333584309 -0.065332100 0.031610530 -0.997362733 125.677581787
-0.995778620 0.063062660 0.066693783 -8.736981392 0.064771757 0.997616708 0.023779642 -2.322437763 -0.065035217 0.027999129 -0.997489989 124.442558289
-0.995861769 0.062445365 0.066028565 -8.654257774 0.063962109 0.997729003 0.021110099 -2.312846661 -0.064560384 0.025246067 -0.997594297 123.236503601
-0.996053874 0.059628192 0.065734811 -8.569796562 0.061121184 0.997910738 0.020938391 -2.305824757 -0.064348944 0.024873557 -0.997617364 122.036941528
-0.996118724 0.059160657 0.065171830 -8.486158371 0.060661692 0.997931123 0.021297215 -2.302449703 -0.063777037 0.025167987 -0.997646689 120.864456177
-0.996185064 0.059272192 0.064047165 -8.417064667 0.060749613 0.997924268 0.021370225 -2.305566549 -0.062647559 0.025179544 -0.997717917 119.693405151
-0.996282339 0.058879588 0.062886126 -8.335291862 0.060307290 0.997957885 0.021049885 -2.305434704 -0.061518297 0.024764126 -0.997798562 118.544349670
-0.996355712 0.059113678 0.061488200 -8.255124092 0.060502231 0.997947812 0.020969672 -2.300860643 -0.060122415 0.024613431 -0.997887433 117.414039612
-0.996409118 0.058880422 0.060843546 -8.200969696 0.060270965 0.997955203 0.021276085 -2.304953575 -0.059466388 0.024866786 -0.997920513 116.314445496
-0.996527135 0.058166143 0.059584837 -8.130815506 0.059502445 0.998009264 0.020902172 -2.301993847 -0.058250412 0.024375027 -0.998004377 115.223251343
-0.996614516 0.057547972 0.058717545 -8.070533752 0.058820810 0.998064458 0.020182919 -2.300216436 -0.057442408 0.023568405 -0.998070657 114.144042969
-0.996666968 0.058095045 0.057271305 -8.004837036 0.059283413 0.998055100 0.019272598 -2.296672583 -0.056040265 0.022603597 -0.998172581 113.087760925
-0.996684849 0.058557637 0.056482788 -7.949530602 0.059722491 0.998031139 0.019159159 -2.291047573 -0.055249654 0.022468934 -0.998219728 112.047393799
-0.996650934 0.060412567 0.055112094 -7.887768269 0.061520901 0.997931719 0.018639302 -2.292083025 -0.053872041 0.021967420 -0.998306155 111.042037964
-0.996669590 0.061211467 0.053878158 -7.833485603 0.062328994 0.997868776 0.019310189 -2.295743704 -0.052581329 0.022604050 -0.998360693 110.048080444
-0.996733606 0.061189547 0.052705549 -7.780819893 0.062329382 0.997850001 0.020259751 -2.293037176 -0.051352542 0.023478681 -0.998404443 109.079658508
-0.996749580 0.061689857 0.051812924 -7.734568596 0.062810674 0.997819185 0.020288199 -2.289628029 -0.050448358 0.023476657 -0.998450637 108.125167847
-0.996831715 0.061396856 0.050567225 -7.685765266 0.062545530 0.997811496 0.021454228 -2.290112495 -0.049139347 0.024549007 -0.998490095 107.201606750
-0.996931672 0.060598355 0.049549405 -7.638428688 0.061752841 0.997846544 0.022109386 -2.291772842 -0.048102900 0.025101356 -0.998527110 106.312988281
-0.997072160 0.059181277 0.048421267 -7.593707085 0.060348324 0.997912228 0.023004990 -2.288958549 -0.046958707 0.025859775 -0.998562038 105.439498901
-0.997114897 0.059274960 0.047416449 -7.553748131 0.060475275 0.997874022 0.024292350 -2.286074877 -0.045875713 0.027089788 -0.998579741 104.601898193
-0.997184336 0.058800098 0.046539612 -7.511712074 0.060044304 0.997862220 0.025802802 -2.279608727 -0.044922907 0.028524593 -0.998583138 103.780868530
-0.997083187 0.060877468 0.046033263 -7.473061562 0.062185917 0.997684240 0.027545966 -2.279825211 -0.044249728 0.030328237 -0.998559952 102.973915100
-0.996902823 0.063001104 0.047071107 -7.435969830 0.064405888 0.997503757 0.028947169 -2.276503563 -0.045129895 0.031889170 -0.998471975 102.203598022
-0.996512115 0.066221349 0.050776988 -7.402127266 0.067723647 0.997298300 0.028457807 -2.266530752 -0.048755277 0.031797353 -0.998304486 101.441558838
-0.995823741 0.070297368 0.058252551 -7.358720779 0.072010674 0.997014880 0.027851092 -2.261691809 -0.056120798 0.031929579 -0.997913301 100.719955444
-0.994727790 0.074319929 0.070661336 -7.312150955 0.076434806 0.996689558 0.027708655 -2.257151127 -0.068368092 0.032963559 -0.997115433 100.013244629
-0.993251264 0.076397590 0.087265432 -7.244160175 0.079033129 0.996502221 0.027151601 -2.251337290 -0.084885873 0.033865225 -0.995814979 99.335891724
-0.991105735 0.077485301 0.108191699 -7.170256615 0.080859348 0.996355772 0.027148385 -2.249085903 -0.105693810 0.035655227 -0.993759274 98.700149536
-0.987978399 0.078618623 0.133107841 -7.072415352 0.082745455 0.996237934 0.025752531 -2.250541687 -0.130582452 0.036457013 -0.990766823 98.054321289
-0.983344138 0.081764825 0.162322789 -6.956914902 0.086669333 0.995963395 0.023354806 -2.246658087 -0.159757957 0.037034221 -0.986461222 97.418945312
-0.977185011 0.081444405 0.196153283 -6.823142052 0.087195039 0.995973170 0.020847261 -2.245078087 -0.193665475 0.037475221 -0.980351567 96.810096741
-0.969375253 0.078368895 0.232744172 -6.661959648 0.084719449 0.996252894 0.017399911 -2.243488073 -0.230508432 0.036584999 -0.972382307 96.274078369
-0.959811628 0.073404782 0.270874977 -6.494709015 0.080380291 0.996655405 0.014732526 -2.250134945 -0.268887609 0.035913464 -0.962501705 95.767341614
-0.948043227 0.068058215 0.310776830 -6.295961380 0.075686701 0.997052908 0.012538325 -2.252872944 -0.309007585 0.035408542 -0.950400174 95.246597290
-0.933801115 0.062720560 0.352252066 -6.068878174 0.071153022 0.997404456 0.011029104 -2.258968353 -0.350646019 0.035362791 -0.935840130 94.753059387
-0.916625440 0.054660860 0.395992190 -5.830856323 0.064039223 0.997892261 0.010490963 -2.268334389 -0.394584030 0.034975316 -0.918193996 94.267593384
-0.896404088 0.045405149 0.440905929 -5.551609039 0.055591669 0.998401463 0.010206331 -2.272734165 -0.439737618 0.033659689 -0.897495270 93.799079895
-0.872509301 0.036226019 0.487252563 -5.258464813 0.047621820 0.998804748 0.011016396 -2.277595758 -0.486271024 0.032815758 -0.873191655 93.352798462
-0.845408499 0.027353451 0.533419371 -4.942996979 0.039811082 0.999136865 0.011860830 -2.286153555 -0.532634377 0.031263251 -0.845767856 92.945442200
-0.814660013 0.020556692 0.579574347 -4.616516113 0.034465067 0.999321282 0.013000184 -2.280239344 -0.578913748 0.030565800 -0.814815640 92.514457703
-0.780983984 0.013116965 0.624413192 -4.267333984 0.028903794 0.999467254 0.015155708 -2.279541492 -0.623881698 0.029884277 -0.780947089 92.125946045
-0.744033039 0.008401539 0.668089926 -3.890453339 0.026697418 0.999496222 0.017163049 -2.288505077 -0.667609036 0.030606158 -0.743882537 91.773323059
-0.702416897 0.006150173 0.711739182 -3.513763428 0.026182629 0.999509037 0.017202880 -2.285982609 -0.711283922 0.030718796 -0.702233076 91.433952332
-0.660218954 0.005785805 0.751050889 -3.107582092 0.027483787 0.999486864 0.016460245 -2.291687489 -0.750570118 0.031509090 -0.660039067 91.154602051
-0.613249362 0.007493269 0.789853811 -2.683746338 0.028977865 0.999495387 0.013016541 -2.289002657 -0.789357722 0.030870661 -0.613157034 90.856246948
-0.563944578 0.007575347 0.825777888 -2.252021790 0.028575445 0.999538124 0.010345536 -2.291853666 -0.825318098 0.029431280 -0.563900471 90.591461182
-0.513555646 0.005350762 0.858039737 -1.783752441 0.027446041 0.999571264 0.010193693 -2.288401365 -0.857617319 0.028784811 -0.513482213 90.355003357
-0.462550879 0.004353203 0.886582017 -1.285682678 0.024768397 0.999661088 0.008013822 -2.274492025 -0.886246681 0.025666011 -0.462501884 90.151870728
